01 35 49.5574  +03 36 38.104   23.123  2456545.87105049  W84  V
01 35 49.5485  +03 36 38.024   22.291  2456545.87398248  W84  V
01 35 49.5435  +03 36 38.009   22.117  2456545.87537180  W84  V
01 33 11.8732  +03 16 37.826   22.039  2456578.70150670  W84  V
01 33 11.8505  +03 16 37.713   21.729  2456578.70436479  W84  V
01 29 52.3308  +02 56 24.898   22.131  2456618.65753907  W84  V
01 29 48.2304  +02 56 03.731   21.913  2456619.66944819  W84  V
01 42 41.5931  +03 46 26.151   23.085  2456932.78973459  W84  V
01 42 41.5868  +03 46 25.957   22.358  2456932.79109177  W84  V
01 42 41.4356  +03 46 24.886   22.021  2456932.82025555  W84  V
01 41 01.3370  +03 34 56.207   22.202  2456951.77213130  W84  V
01 40 23.9152  +03 30 59.683   22.995  2456958.72734204  W84  V
01 40 23.8762  +03 30 59.266   22.110  2456958.73601915  W84  V
01 40 18.5315  +03 30 26.363   23.011  2456959.73734798  W84  V
01 38 01.2921  +03 17 45.582   21.824  2456988.57572540  W84  V
01 37 57.2803  +03 17 26.609   99.999  2456989.60562414  W84  V
01 37 09.2536  +03 14 08.764   22.039  2457004.61162577  W84  V
01 53 08.7644  +04 25 13.537   21.904  2457269.82292698  W84  V
01 48 08.7976  +03 49 04.097   22.095  2457332.67682521  W84  V
01 48 08.7909  +03 49 04.063   21.754  2457332.67818574  W84  V
01 48 08.7806  +03 49 04.056   22.941  2457332.67955304  W84  V
01 47 09.1411  +03 43 38.228   22.313  2457344.66734640  W84  V
01 47 09.1354  +03 43 38.183   21.935  2457344.66871477  W84  V
01 47 09.1229  +03 43 38.158   21.905  2457344.67007309  W84  V
01 47 09.1237  +03 43 38.156   23.211  2457344.67145238  W84  V
